12
data/Tiger/tiger1.txt
1
0.0 0.0 0.0 1.0
0.4 0.4 0.4 1.0
1.0 1.0 0.0 1.0
0.6 0.6 0.6 1.0
55.0
0.0 -0.25 0.0 0.0
0.25 0.0 0.0 0.0
0.0 0.0 0.25 0.0
0.0 0.0 0.0 1.0

data/Tiger/tiger2.txt
1
0.0 0.0 0.0 1.0
0.4 0.4 0.4 1.0
1.0 1.0 0.0 1.0
0.6 0.6 0.6 1.0
55.0
0.0 -0.25 0.0 0.0
0.25 0.0 0.0 0.0
0.0 0.0 0.25 0.0
0.0 0.0 0.0 1.0

data/Tiger/tiger3.txt
1
0.0 0.0 0.0 1.0
0.4 0.4 0.4 1.0
1.0 1.0 0.0 1.0
0.6 0.6 0.6 1.0
55.0
0.0 -0.25 0.0 0.0
0.25 0.0 0.0 0.0
0.0 0.0 0.25 0.0
0.0 0.0 0.0 1.0

data/Tiger/tiger4.txt
1
0.0 0.0 0.0 1.0
0.4 0.4 0.4 1.0
1.0 1.0 0.0 1.0
0.6 0.6 0.6 1.0
55.0
0.0 -0.25 0.0 0.0
0.25 0.0 0.0 0.0
0.0 0.0 0.25 0.0
0.0 0.0 0.0 1.0

data/Tiger/tiger5.txt
1
0.0 0.0 0.0 1.0
0.4 0.4 0.4 1.0
1.0 1.0 0.0 1.0
0.6 0.6 0.6 1.0
55.0
0.0 -0.25 0.0 0.0
0.25 0.0 0.0 0.0
0.0 0.0 0.25 0.0
0.0 0.0 0.0 1.0

data/Tiger/tiger6.txt
1
0.0 0.0 0.0 1.0
0.4 0.4 0.4 1.0
1.0 1.0 0.0 1.0
0.6 0.6 0.6 1.0
55.0
0.0 -0.25 0.0 0.0
0.25 0.0 0.0 0.0
0.0 0.0 0.25 0.0
0.0 0.0 0.0 1.0

data/Tiger/tiger7.txt
1
0.0 0.0 0.0 1.0
0.4 0.4 0.4 1.0
1.0 1.0 0.0 1.0
0.6 0.6 0.6 1.0
55.0
0.0 -0.25 0.0 0.0
0.25 0.0 0.0 0.0
0.0 0.0 0.25 0.0
0.0 0.0 0.0 1.0

data/Tiger/tiger8.txt
1
0.0 0.0 0.0 1.0
0.4 0.4 0.4 1.0
1.0 1.0 0.0 1.0
0.6 0.6 0.6 1.0
55.0
0.0 -0.25 0.0 0.0
0.25 0.0 0.0 0.0
0.0 0.0 0.25 0.0
0.0 0.0 0.0 1.0

data/Tiger/tiger9.txt
1
0.0 0.0 0.0 1.0
0.4 0.4 0.4 1.0
1.0 1.0 0.0 1.0
0.6 0.6 0.6 1.0
55.0
0.0 -0.25 0.0 0.0
0.25 0.0 0.0 0.0
0.0 0.0 0.25 0.0
0.0 0.0 0.0 1.0

data/Tiger/tiger10.txt
1
0.0 0.0 0.0 1.0
0.4 0.4 0.4 1.0
1.0 1.0 0.0 1.0
0.6 0.6 0.6 1.0
55.0
0.0 -0.25 0.0 0.0
0.25 0.0 0.0 0.0
0.0 0.0 0.25 0.0
0.0 0.0 0.0 1.0

data/Tiger/tiger11.txt
1
0.0 0.0 0.0 1.0
0.4 0.4 0.4 1.0
1.0 1.0 0.0 1.0
0.6 0.6 0.6 1.0
55.0
0.0 -0.25 0.0 0.0
0.25 0.0 0.0 0.0
0.0 0.0 0.25 0.0
0.0 0.0 0.0 1.0

data/Tiger/tiger12.txt
1
0.0 0.0 0.0 1.0
0.4 0.4 0.4 1.0
1.0 1.0 0.0 1.0
0.6 0.6 0.6 1.0
55.0
0.0 -0.25 0.0 0.0
0.25 0.0 0.0 0.0
0.0 0.0 0.25 0.0
0.0 0.0 0.0 1.0


0